4.370374
0.918977
0.552731
0.358892
0.275714
0.222373
0.187654
0.162893
0.145067
0.131867
0.122123
0.115299
0.109887
0.106409
0.104348
0.103635
0.104605
0.107920
0.114554
0.126337
0.145071
0.172506
0.207935
0.254774
0.319941
0.310083
0.254993
0.216059
0.205556
0.226289
0.228854
0.210287
0.170430
0.128169
0.114179
0.105240
0.104625
0.111227
0.120574
0.133362
0.149772
0.172078
0.202425
0.244828
0.301169
0.347432
0.351324
0.328418
0.301564
0.276841
0.252484
0.222835
0.176617
0.142069
0.112368
0.088006
0.071141
0.060314
0.053267
0.048520
0.045199
0.042794
0.040988
0.039573
0.038425
0.037461
0.036623
0.035875
0.035197
0.034566
0.033995
0.033448
0.032941
0.032460
0.032000
0.031580
0.031165
0.030777
0.030403
0.030053
0.029707
0.029375
0.029068
0.028773
0.028478
0.028199
0.027923
0.027666
0.027407
0.027157
0.026915
0.026681
0.026452
0.026229
0.026009
0.025793
0.025585
0.025375
0.025171
0.024966
0.024776
0.024571
0.024371
0.024176
0.023985
0.023793
0.023605
0.023414
0.023221
0.023037
0.022846
0.022660
0.022466
0.022266
0.022077
0.021886
0.021686
0.021486
0.021287
0.021082
0.020871
0.020665
0.020453
0.020241
0.020023
0.019801
0.019574
0.019345
0.019106
0.018867
0.018625
0.018374
0.018118
0.017860
0.017594
0.017329
0.017058
0.016787
0.016504
0.016226
0.015939
0.015656
0.015377
0.015098
0.014838
0.014578
0.014326
0.014115
0.013984
0.013920
0.013992
0.014386
0.020361
0.030411
0.060504
0.039977
0.026483
0.020125
0.017573
0.017803
0.019530
0.023434
0.031494
0.047663
0.083776
0.136987
0.090950
0.039092
0.022043
0.018615
0.017135
0.016491
0.015898
0.015439
0.015048
0.014691
0.014373
0.014088
0.013826
0.013585
0.013355
0.013140
0.012936
0.012751
0.012582
0.012418
0.012265
0.012118
0.011982
0.011858
0.011733
0.011623
0.011531
0.011449
0.011393
0.011371
0.011350
0.011367
0.011419
0.011537
0.011727
0.012026
0.012509
0.013288
0.014601
0.017081
0.023050
0.041284
0.101579
0.141235
0.116503
0.040801
0.026829
0.022130
0.023685
0.025564
0.029976
0.035684
0.035262
0.028740
0.022321
0.017185
0.015270
0.014565
0.014158
0.013843
0.013543
0.013231
0.012949
0.012695
0.012462
0.012268
0.012098
0.011950
0.011821
0.011703
0.011602
0.011517
0.011464
0.011422
0.011408
0.011404
0.011429
0.011477
0.011525
0.011592
0.011674
0.011777
0.011900
0.012076
0.012355
0.012783
0.013374
0.014197
0.015288
0.016870
0.019339
0.023409
0.030519
0.040416
0.052530
0.060750
0.048634
0.039779
0.034575
0.034661
0.034493
0.035853
0.034280
0.036641
0.040945
0.042461
0.039691
0.041484
0.040288
0.040826
0.043790
0.045238
0.047564
0.057222
0.061196
0.063447
0.056018
0.046113
0.036730
0.029219
0.023960
0.020322
0.017852
0.016131
0.014889
0.013962
0.013242
0.012660
0.012184
0.011781
0.011429
0.011128
0.010856
0.010610
0.010388
0.010189
0.010004
0.009833
0.009674
0.009534
0.009396
0.009281
0.009175
0.009073
0.008981
0.008903
0.008820
0.008751
0.008681
0.008622
0.008568
0.008507
0.008459
0.008410
0.008368
0.008326
0.008296
0.008270
0.008241
0.008230
0.008213
0.008216
0.008221
0.008239
0.008287
0.008332
0.008426
0.008547
0.008746
0.009023
0.009496
0.010326
0.011817
0.014638
0.017576
0.016614
0.014560
0.011730
0.009896
0.009335
0.009173
0.009086
0.009017
0.008971
0.008949
0.008949
0.008976
0.009032
0.009109
0.009210
0.009426
0.009694
0.010143
0.010845
0.011882
0.012888
0.013084
0.012804
0.012839
0.011935
0.010165
0.008867
0.008267
0.008070
0.007983
0.007913
0.007853
0.007810
0.007849
0.007973
0.008199
0.008543
0.008966
0.009422
0.009761
0.010155
0.011006
0.012463
0.013578
0.012336
0.010326
0.009431
0.008888
0.008532
0.008366
0.008398
0.008513
0.008505
0.008366
0.008199
0.008165
0.008319
0.008613
0.008937
0.009159
0.009203
0.009186
0.009164
0.009320
0.009622
0.009943
0.010114
0.010106
0.010236
0.010576
0.010744
0.010514
0.009997
0.009569
0.009398
0.009472
0.009451
0.009170
0.008807
0.008566
0.008380
0.008166
0.007925
0.007728
0.007653
0.007726
0.007933
0.008164
0.008323
0.008410
0.008478
0.008687
0.009077
0.009524
0.009693
0.009491
0.009314
0.009397
0.009433
0.008986
0.008372
0.008053
0.007976
0.007939
0.007893
0.007834
0.007857
0.007909
0.007945
0.007872
0.007741
0.007633
0.007603
0.007686
0.007859
0.008098
0.008326
0.008550
0.008803
0.009070
0.009357
0.009630
0.009657
0.009359
0.009053
0.008969
0.008885
0.008486
0.007986
0.007645
0.007406
0.007273
0.007251
0.007301
0.007343
0.007424
0.007548
0.007648
0.007699
0.007694
0.007645
0.007599
0.007594
0.007685
0.007862
0.008072
0.008167
0.008124
0.007964
0.007762
0.007592
0.007441
0.007351
0.007317
0.007317
0.007352
0.007353
0.007427
0.007551
0.007758
0.008020
0.008338
0.008652
0.008781
0.008611
0.008388
0.008231
0.008043
0.007651
0.007221
0.006972
0.006862
0.006798
0.006744
0.006702
0.006665
0.006649
0.006656
0.006677
0.006713
0.006730
0.006753
0.006759
0.006767
0.006797
0.006830
0.006891
0.006995
0.007133
0.007304
0.007494
0.007713
0.007947
0.008188
0.008464
0.008844
0.009180
0.008873
0.007984
0.007374
0.007040
0.006790
0.006618
0.006533
0.006499
0.006495
0.006490
0.006482
0.006462
0.006447
0.006441
0.006439
0.006435
0.006441
0.006455
0.006454
0.006470
0.006480
0.006491
0.006506
0.006525
0.006557
0.006604
0.006666
0.006762
0.006900
0.007088
0.007339
0.007663
0.008052
0.008545
0.009121
0.009825
0.009891
0.008633
0.007347
0.006738
0.006509
0.006425
0.006405
0.006411
0.006410
0.006413
0.006409
0.006402
0.006401
0.006401
0.006399
0.006401
0.006403
0.006405
0.006407
0.006414
0.006422
0.006430
0.006436
0.006441
0.006450
0.006455
0.006468
0.006475
0.006483
0.006491
0.006494
0.006500
0.006513
0.006522
0.006539
0.006564
0.006587
0.006627
0.006664
0.006722
0.006806
0.006917
0.007040
0.007203
0.007381
0.007562
0.007736
0.007869
0.007963
0.008026
0.008070
0.008149
0.008306
0.008571
0.008887
0.008861
0.007992
0.006993
0.006502
0.006332
0.006273
0.006252
0.006242
0.006237
0.006230
0.006221
0.006216
0.006210
0.006209
0.006204
0.006198
0.006195
0.006194
0.006193
0.006190
0.006185
0.006182
0.006181
0.006179
0.006180
0.006179
0.006177
0.006179
0.006172
0.006169
0.006168
0.006165
0.006163
0.006161
0.006158
0.006153
0.006155
0.006155
0.006154
0.006151
0.006150
0.006150
0.006145
0.006144
0.006143
0.006141
0.006139
0.006137
0.006135
0.006134
0.006134
0.006132
0.006129
0.006131
0.006130
0.006130
0.006130
0.006130
0.006130
0.006130
0.006128
0.006126
0.006124
0.006123
0.006122
0.006130
0.006128
0.006127
0.006133
0.006133
0.006135
0.006142
0.006153
0.006159
0.006174
0.006192
0.006208
0.006225
0.006258
0.006309
0.006369
0.006479
0.006653
0.006936
0.007542
0.008674
0.009812
0.009500
0.007565
0.006492
0.006529
0.006495
0.006444
0.006442
0.006432
0.006435
0.006451
0.006466
0.006479
0.006495
0.006508
0.006515
0.006511
0.006496
0.006468
0.006433
0.006396
0.006354
0.006316
0.006280
0.006247
0.006218
0.006193
0.006173
0.006157
0.006142
0.006129
0.006119
0.006110
0.006103
0.006097
0.006091
0.006087
0.006084
0.006077
0.006072
0.006068
0.006064
0.006063
0.006061
0.006059
0.006057
0.006054
0.006052
0.006049
0.006048
0.006048
0.006046
0.006043
0.006042
0.006040
0.006039
0.006039
0.006038
0.006035
0.006034
0.006034
0.006033
0.006031
0.006030
0.006029
0.006029
0.006026
0.006025
0.006025
0.006024
0.006025
0.006022
0.006020
0.006019
0.006019
0.006018
0.006021
0.006019
0.006019
0.006019
0.006018
0.006019
0.006017
0.006016
0.006016
0.006014
0.006017
0.006015
0.006015
0.006014
0.006014
0.006014
0.006014
0.006014
0.006015
0.006013
0.006013
0.006012
0.006013
0.006012
0.006009
0.006007
0.006007
0.006010
0.006011
0.006011
0.006011
0.006010
0.006009
0.006009
0.006008
0.006008
0.006006
0.006006
0.006006
0.006006
0.006006
0.006005
0.006006
0.006004
0.006005
0.006004
0.006005
0.006008
0.006010
0.006008
0.006009
0.006010
0.006008
0.006009
0.006008
0.006009
0.006011
0.006013
0.006014
0.006015
0.006019
0.006019
0.006020
0.006018
0.006017
0.006016
0.006014
0.006014
0.006013
0.006011
0.006010
0.006007
0.006005
0.006002
0.006000
0.005999
0.005997
0.005993
0.005990
0.005986
0.005985
0.005985
0.005983
0.005983
0.005983
0.005981
0.005982
0.005982
0.005981
0.005980
0.005979
0.005976
0.005976
0.005975
0.005973
0.005972
0.005973
0.005971
0.005970
0.005968
0.005970
0.005970
0.005970
0.005971
0.005973
0.005973
0.005972
0.005973
0.005974
0.005972
0.005970
0.005969
0.005971
0.005970
0.005970
0.005970
0.005972
0.005973
0.005972
0.005970
0.005970
0.005971
0.005971
0.005971
0.005970
0.005970
0.005971
0.005973
0.005974
0.005976
0.005977
0.005978
0.005981
0.005985
0.005986
0.005987
0.005991
0.005995
0.006000
0.006006
0.006011
0.006012
0.006010
0.006006
0.006000
0.005995
0.005990
0.005986
0.005983
0.005979
0.005977
0.005974
0.005974
0.005972
0.005972
0.005971
0.005970
0.005969
0.005967
0.005966
0.005966
0.005966
0.005966
0.005966
0.005966
0.005967
0.005966
0.005966
0.005966
0.005965
0.005964
0.005965
0.005965
0.005964
0.005965
0.005964
0.005963
0.005962
0.005962
0.005962
0.005962
0.005962
0.005962
0.005963
0.005963
0.005963
0.005962
0.005962
0.005962
0.005963
0.005963
0.005963
0.005962
0.005963
0.005962
0.005962
0.005962
0.005961
0.005962
0.005962
0.005962
0.005962
0.005962
0.005962
0.005962
0.005961
0.005961
0.005961
0.005961
