2.406179873246808043e+00
9.113340105280676173e-01
6.543064207424078571e-01
5.359059803386151399e-01
4.903555995724500072e-01
4.220977861183979885e-01
3.962195973668639626e-01
3.777883000983484618e-01
3.531798281304358578e-01
3.538386086273480613e-01
3.406232392087257810e-01
3.094404110890377479e-01
3.117902333079748400e-01
3.051992671231353316e-01
2.893829311637257651e-01
2.776979120266452883e-01
2.800220372922558321e-01
2.605319587237594492e-01
2.443326236998853429e-01
2.512541903496846030e-01
2.371830786749512809e-01
2.364543020366413895e-01
2.265649289341291617e-01
2.351286384112972194e-01
2.061933540492418837e-01
2.096100725748202276e-01
2.901315623221515372e-01
1.923540370286228596e-01
1.951459784931839636e-01
1.910271572423638542e-01
1.816795703226697922e-01
1.986194800583147568e-01
2.105921344921295180e-01
1.802451560611356141e-01
1.702416352125024068e-01
1.796966363806914990e-01
1.706676103023597457e-01
1.694903168095457657e-01
1.613371839253432694e-01
1.567329082883545111e-01
1.569210548657352655e-01
1.643007957601992919e-01
1.533181142340519221e-01
1.518384509097846224e-01
1.420864440484210789e-01
1.397782058770212499e-01
1.448446566460911411e-01
1.294921737338955714e-01
1.336669136247159717e-01
1.421955635568129539e-01
1.203941632031506892e-01
1.226507695887535110e-01
1.242870163970422742e-01
1.283412504225912576e-01
1.178486818360360705e-01
1.115646973566278427e-01
1.124499586442690990e-01
1.148669056344130412e-01
1.116723524529312228e-01
1.070161944382714281e-01
1.085879519553465539e-01
1.039198306400956756e-01
9.331217561453034048e-02
1.024112450324839302e-01
1.002378146446230855e-01
8.883059006632884613e-02
9.406406266192218757e-02
9.114313443310569085e-02
8.818228872426808751e-02
9.075956208588902008e-02
8.282799082743275143e-02
8.261127573413201697e-02
8.280610134034253889e-02
7.971812130031098731e-02
7.888651653741815539e-02
7.838732104144130464e-02
7.698498642914874956e-02
8.066547606836801942e-02
7.398063288553038963e-02
7.727071248686603888e-02
7.212906332122319408e-02
6.965281681366576605e-02
6.767374458126676484e-02
7.008123125276601029e-02
6.922398012129091227e-02
6.582769450846072401e-02
6.971947019931556966e-02
6.083842535728661849e-02
6.154920777166675294e-02
6.066988999878630828e-02
6.153273498179114703e-02
5.849923054051452131e-02
5.805994412201929966e-02
5.673653821676912651e-02
5.353904890807768130e-02
5.577684846188499940e-02
5.346422849921805137e-02
5.896483186020955863e-02
5.280013747645497663e-02
5.031448282556388873e-02
4.773756580932493609e-02
4.745910885886622799e-02
4.982869733828480113e-02
4.802399473229402443e-02
4.714985627383560390e-02
4.301222032632476266e-02
4.433354836002142974e-02
4.410806771353623784e-02
4.136901000911235443e-02
4.102596404805250452e-02
4.260458897549011803e-02
4.063526754939152108e-02
3.659389360574120259e-02
4.282539542729013604e-02
3.666580753390298597e-02
3.751633609692284210e-02
3.650830711647679028e-02
3.295635112947271211e-02
3.281585291601689380e-02
3.300176949254431807e-02
3.140870166626134191e-02
3.084025604718840241e-02
3.276205917552387631e-02
2.957008076012512462e-02
2.938775292742898393e-02
2.781747424702368798e-02
2.709360252558259269e-02
2.666739327862565831e-02
2.985112248956495878e-02
2.571302043074560201e-02
2.481344170544971806e-02
2.468501104228434592e-02
2.413242537804486179e-02
2.452281004092945332e-02
2.307784981867451804e-02
2.282700381042254006e-02
2.226163859329220729e-02
2.141672219515687245e-02
2.073369985410922212e-02
2.095420862234071216e-02
2.050074011722463965e-02
2.016013026436972583e-02
1.938786178754101780e-02
1.956453816835380249e-02
1.903862721187562015e-02
1.772115798962169142e-02
1.797479317294544549e-02
1.729231664742117425e-02
1.695360545321581563e-02
1.683502218447606794e-02
1.617117206352386427e-02
1.595272553768315935e-02
1.572473789565265179e-02
1.534912792855994135e-02
1.490917709285419224e-02
1.470857027018648150e-02
1.447572853535423337e-02
1.419352656714287578e-02
1.395173475685728900e-02
1.344089525343356711e-02
1.360734815400032466e-02
1.313000186541234474e-02
1.290467693954375564e-02
1.265355788704824666e-02
1.251208753276649224e-02
1.240244942082207799e-02
1.202209446465900972e-02
1.185641211548440002e-02
1.173467553664513455e-02
1.160073661391773300e-02
1.135830136390192716e-02
1.125264454913928874e-02
1.105703875400050606e-02
1.096566911687642427e-02
1.082309037688954437e-02
1.068775075887942391e-02
1.056347205362628480e-02
1.046614359777434805e-02
1.036431648944361773e-02
1.027729764671616100e-02
1.018952588162400259e-02
1.011976669483472327e-02
1.003932982597013912e-02
9.973189940484870897e-03
9.913660845269551755e-03
9.853576937057691165e-03
9.804572065506032136e-03
9.760815307618377762e-03
9.722859693422007676e-03
9.682343789070600032e-03
9.652657617008637142e-03
9.623852920221550450e-03
9.601086810117891168e-03
9.580583024193994185e-03
9.563147642499800899e-03
9.549416321906980046e-03
9.538506356000672065e-03
9.530305874525689044e-03
9.524625365732116572e-03
9.521322143092959822e-03
